compressor | file | ratio in % | compression time | decompression time | compression memory in MB | decompression memory in MB
brotli_q0 | enwik9 | 37.383727 | 2.64 | 2.62 | 6.88 | 29.75
brotli_q1 | enwik9 | 35.136655 | 3.57 | 2.48 | 7.88 | 29.75
brotli_q2 | enwik9 | 32.650767 | 6.63 | 2.36 | 39.12 | 29.75
brotli_q3 | enwik9 | 32.312979 | 7.50 | 2.25 | 39.21 | 29.75
brotli_q4 | enwik9 | 29.283003 | 15.91 | 2.26 | 118.32 | 22.70
brotli_q5 | enwik9 | 27.758316 | 21.09 | 2.23 | 99.86 | 22.97
brotli_q6 | enwik9 | 27.040920 | 33.69 | 2.23 | 100.81 | 22.99
brotli_q7 | enwik9 | 26.350895 | 73.78 | 2.23 | 103.84 | 22.85
brotli_q8 | enwik9 | 25.728809 | 140.01 | 2.31 | 110.96 | 22.85
brotli_q9 | enwik9 | 25.176180 | 273.12 | 2.71 | 128.61 | 22.85
brotli_q10 | enwik9 | 22.781645 | 888.43 | 3.18 | 241.11 | 22.79
brotli_q11 | enwik9 | 22.334566 | 1608.23 | 2.90 | 247.03 | 22.53
xz_0 | enwik9 | 32.344165 | 3.44 | 0.80 | 1251.15 | 180.57
xz_1 | enwik9 | 29.265414 | 7.41 | 0.74 | 1441.15 | 267.45
xz_2 | enwik9 | 28.080716 | 17.59 | 0.73 | 1705.15 | 394.08
xz_3 | enwik9 | 27.366767 | 36.07 | 0.80 | 2221.15 | 637.82
xz_4 | enwik9 | 24.976490 | 35.74 | 0.79 | 2477.15 | 640.78
xz_5 | enwik9 | 23.682711 | 51.18 | 0.94 | 3729.14 | 1137.26
xz_6 | enwik9 | 23.340310 | 54.36 | 1.02 | 3729.14 | 1087.02
xz_7 | enwik9 | 22.729293 | 72.93 | 1.03 | 5849.11 | 1534.18
xz_8 | enwik9 | 22.128760 | 97.55 | 1.32 | 6338.96 | 1573.77
xz_9 | enwik9 | 21.567420 | 181.68 | 2.03 | 5653.83 | 1528.23
zstd_1 | enwik9 | 35.691678 | 0.38 | 0.71 | 1377.85 | 216.24
zstd_2 | enwik9 | 32.859420 | 0.49 | 0.87 | 1327.55 | 216.74
zstd_3 | enwik9 | 31.210971 | 1.00 | 0.85 | 1650.49 | 217.74
zstd_4 | enwik9 | 30.615413 | 1.97 | 0.91 | 1631.84 | 217.74
zstd_5 | enwik9 | 29.613850 | 2.00 | 0.95 | 1676.74 | 217.74
zstd_6 | enwik9 | 28.643347 | 2.34 | 0.86 | 1676.74 | 217.74
zstd_7 | enwik9 | 28.115324 | 3.25 | 0.90 | 1679.84 | 217.74
zstd_8 | enwik9 | 27.709686 | 3.68 | 0.85 | 1714.24 | 217.74
zstd_9 | enwik9 | 27.222966 | 4.60 | 0.89 | 2053.68 | 219.74
zstd_10 | enwik9 | 26.845787 | 7.09 | 0.88 | 2208.37 | 219.74
zstd_11 | enwik9 | 26.661189 | 11.27 | 0.89 | 2224.43 | 219.74
zstd_12 | enwik9 | 26.601261 | 12.32 | 0.89 | 2544.43 | 155.74
zstd_13 | enwik9 | 26.303432 | 20.72 | 0.89 | 2400.37 | 219.74
zstd_14 | enwik9 | 26.148160 | 25.67 | 0.89 | 2656.37 | 219.74
zstd_15 | enwik9 | 25.866955 | 31.58 | 0.91 | 2912.37 | 219.74
zstd_16 | enwik9 | 25.004507 | 33.16 | 0.86 | 2434.55 | 219.74
zstd_17 | enwik9 | 24.274646 | 58.52 | 0.91 | 3267.87 | 223.74
zstd_18 | enwik9 | 23.955520 | 57.69 | 0.99 | 3277.68 | 223.74
zstd_19 | enwik9 | 23.532894 | 74.87 | 1.08 | 3757.55 | 159.74
zstd_20 | enwik9 | 22.552626 | 131.49 | 1.19 | 5541.43 | 247.74
zstd_21 | enwik9 | 21.946541 | 247.49 | 1.25 | 7776.43 | 279.74
zstd_22 | enwik9 | 21.372121 | 469.06 | 1.29 | 12893.94 | 343.74
lzmpo_0 | enwik9 | 23.896738 | 200.70 | 22.37 | 34104.15 | 2851.09
lzmpo_1 | enwik9 | 22.101645 | 1358.45 | 20.68 | 33833.93 | 2447.86
lzmpo_2 | enwik9 | 21.771510 | 346.82 | 20.48 | 41381.61 | 2375.54
lzmpo_3 | enwik9 | 20.860817 | 1166.49 | 19.54 | 41381.61 | 2210.19
lzmpo_4 | enwik9 | 20.383280 | 1536.96 | 19.50 | 56640.41 | 2136.39
lzmpo_5 | enwik9 | 20.291577 | 1931.99 | 19.51 | 56640.41 | 2118.67
lzmpo_6 | enwik9 | 20.251135 | 3236.52 | 19.10 | 56640.41 | 2113.17
lzmpo_* | enwik9 | 20.230000 | 50180.25 | 19.83 | 29195.59 | 2036.48
brotli_q0 | enwik8 | 41.951501 | 0.31 | 0.31 | 6.88 | 29.75
brotli_q1 | enwik8 | 39.601458 | 0.42 | 0.29 | 7.88 | 29.75
brotli_q2 | enwik8 | 36.948512 | 0.77 | 0.27 | 38.93 | 29.75
brotli_q3 | enwik8 | 36.692210 | 0.86 | 0.26 | 38.64 | 29.75
brotli_q4 | enwik8 | 33.426985 | 2.29 | 0.28 | 96.76 | 22.69
brotli_q5 | enwik8 | 31.772726 | 3.16 | 0.25 | 99.86 | 22.84
brotli_q6 | enwik8 | 30.969374 | 4.80 | 0.24 | 100.68 | 22.86
brotli_q7 | enwik8 | 30.198759 | 9.69 | 0.26 | 103.84 | 22.85
brotli_q8 | enwik8 | 29.507343 | 15.42 | 0.30 | 110.96 | 22.85
brotli_q9 | enwik8 | 28.887786 | 30.85 | 0.31 | 128.61 | 22.85
brotli_q10 | enwik8 | 26.232030 | 91.27 | 0.35 | 241.11 | 22.40
brotli_q11 | enwik8 | 25.742001 | 164.26 | 0.35 | 235.93 | 22.36
xz_0 | enwik8 | 37.004276 | 0.44 | 0.11 | 1244.12 | 179.78
xz_1 | enwik8 | 33.496276 | 0.91 | 0.11 | 1448.57 | 247.55
xz_2 | enwik8 | 32.198828 | 2.37 | 0.13 | 1657.07 | 295.36
xz_3 | enwik8 | 31.406040 | 6.64 | 0.16 | 1057.86 | 230.23
xz_4 | enwik8 | 28.232696 | 6.77 | 0.16 | 1169.86 | 227.20
xz_5 | enwik8 | 26.805108 | 15.15 | 0.25 | 860.76 | 193.79
xz_6 | enwik8 | 26.665156 | 15.57 | 0.27 | 860.76 | 193.65
xz_7 | enwik8 | 25.923264 | 33.87 | 0.45 | 714.71 | 176.77
xz_8 | enwik8 | 25.213824 | 73.64 | 0.79 | 641.68 | 168.08
xz_9 | enwik8 | 24.865252 | 74.58 | 0.88 | 1137.69 | 199.75
zstd_1 | enwik8 | 40.675947 | 0.07 | 0.09 | 1119.84 | 216.24
zstd_2 | enwik8 | 37.372186 | 0.10 | 0.10 | 1304.50 | 216.74
zstd_3 | enwik8 | 35.445335 | 0.18 | 0.10 | 1357.40 | 217.74
zstd_4 | enwik8 | 34.762517 | 0.29 | 0.12 | 1371.15 | 217.74
zstd_5 | enwik8 | 33.744231 | 0.32 | 0.14 | 1376.65 | 217.74
zstd_6 | enwik8 | 32.669481 | 0.34 | 0.11 | 1323.67 | 217.74
zstd_7 | enwik8 | 32.074672 | 0.51 | 0.10 | 1404.15 | 217.74
zstd_8 | enwik8 | 31.654021 | 0.55 | 0.11 | 1353.67 | 217.74
zstd_9 | enwik8 | 31.129515 | 0.77 | 0.11 | 1148.13 | 219.74
zstd_10 | enwik8 | 30.697512 | 1.17 | 0.13 | 1170.69 | 219.74
zstd_11 | enwik8 | 30.491656 | 1.72 | 0.13 | 1198.13 | 219.74
zstd_12 | enwik8 | 30.418850 | 2.01 | 0.12 | 1354.69 | 219.74
zstd_13 | enwik8 | 30.033243 | 4.53 | 0.14 | 1306.69 | 219.74
zstd_14 | enwik8 | 29.862780 | 5.70 | 0.13 | 1402.69 | 219.74
zstd_15 | enwik8 | 29.544530 | 7.29 | 0.14 | 1498.69 | 219.74
zstd_16 | enwik8 | 28.467173 | 7.90 | 0.13 | 1307.55 | 219.74
zstd_17 | enwik8 | 27.709040 | 19.10 | 0.12 | 1353.58 | 159.74
zstd_18 | enwik8 | 27.333983 | 21.15 | 0.21 | 1355.42 | 223.74
zstd_19 | enwik8 | 26.944227 | 24.05 | 0.16 | 1451.42 | 223.74
zstd_20 | enwik8 | 25.953970 | 69.24 | 0.17 | 3129.18 | 247.74
zstd_21 | enwik8 | 25.486727 | 79.67 | 0.19 | 5849.68 | 279.74
zstd_22 | enwik8 | 25.272471 | 91.37 | 0.23 | 11546.68 | 310.86
lzmpo_0 | enwik8 | 28.056053 | 18.16 | 2.59 | 4781.92 | 418.95
lzmpo_1 | enwik8 | 26.388558 | 95.56 | 2.63 | 4765.23 | 380.34
lzmpo_2 | enwik8 | 26.172387 | 30.10 | 2.53 | 4763.30 | 375.82
lzmpo_3 | enwik8 | 25.516080 | 72.39 | 2.47 | 4757.89 | 363.19
lzmpo_4 | enwik8 | 25.319430 | 73.19 | 2.36 | 6627.77 | 360.11
lzmpo_5 | enwik8 | 25.272864 | 90.42 | 2.37 | 6627.77 | 358.88
lzmpo_6 | enwik8 | 25.258352 | 125.65 | 2.35 | 6627.77 | 358.61
lzmpo_7 | enwik8 | 25.253447 | 11532.30 | 2.38 | 4755.94 | 358.57
brotli_q0 | enwik8.2 | 41.946979 | 1.02 | 1.02 | 6.88 | 29.75
brotli_q1 | enwik8.2 | 39.583489 | 1.02 | 1.02 | 7.88 | 29.75
brotli_q2 | enwik8.2 | 36.925154 | 1.52 | 0.51 | 38.93 | 6.12
brotli_q3 | enwik8.2 | 36.659893 | 2.03 | 0.51 | 38.64 | 6.12
brotli_q4 | enwik8.2 | 33.337898 | 3.04 | 0.51 | 118.32 | 6.56
brotli_q5 | enwik8.2 | 31.705141 | 5.07 | 0.51 | 99.86 | 22.78
brotli_q6 | enwik8.2 | 30.891291 | 7.09 | 0.51 | 100.68 | 22.78
brotli_q7 | enwik8.2 | 30.114319 | 12.65 | 0.51 | 103.84 | 22.78
brotli_q8 | enwik8.2 | 29.409291 | 24.28 | 1.01 | 110.96 | 22.85
brotli_q9 | enwik8.2 | 28.773974 | 58.15 | 1.02 | 128.61 | 22.85
brotli_q10 | enwik8.2 | 26.083306 | 191.50 | 1.02 | 241.11 | 22.55
brotli_q11 | enwik8.2 | 25.594717 | 344.20 | 1.02 | 235.93 | 22.43
xz_0 | enwik8.2 | 36.989786 | 1.02 | 0.51 | 1251.15 | 18.27
xz_1 | enwik8.2 | 33.452498 | 2.56 | 0.51 | 1448.57 | 21.66
xz_2 | enwik8.2 | 32.137010 | 5.11 | 0.51 | 1693.14 | 26.60
xz_3 | enwik8.2 | 31.340562 | 10.74 | 0.51 | 2074.07 | 36.44
xz_4 | enwik8.2 | 28.176244 | 11.28 | 0.51 | 2314.07 | 36.06
xz_5 | enwik8.2 | 26.745490 | 19.21 | 0.51 | 1712.87 | 55.11
xz_6 | enwik8.2 | 26.603790 | 19.20 | 0.51 | 1712.87 | 55.07
xz_7 | enwik8.2 | 25.861474 | 39.39 | 1.01 | 1420.76 | 344.91
xz_8 | enwik8.2 | 25.145376 | 83.32 | 1.01 | 1274.71 | 327.38
xz_9 | enwik8.2 | 24.446856 | 172.37 | 2.02 | 1137.69 | 318.03
zstd_1 | enwik8.2 | 40.662499 | 0.51 | 0.51 | 1.73 | 151.36
zstd_2 | enwik8.2 | 37.327525 | 0.51 | 0.51 | 291.43 | 151.36
zstd_3 | enwik8.2 | 35.386039 | 0.51 | 0.51 | 13.04 | 217.74
zstd_4 | enwik8.2 | 34.698157 | 0.51 | 0.51 | 151.36 | 217.74
zstd_5 | enwik8.2 | 33.681359 | 1.02 | 0.51 | 1676.74 | 217.74
zstd_6 | enwik8.2 | 32.604253 | 1.02 | 0.51 | 1676.74 | 217.74
zstd_7 | enwik8.2 | 32.007407 | 1.03 | 0.51 | 1714.24 | 217.74
zstd_8 | enwik8.2 | 31.582156 | 1.53 | 0.51 | 1687.87 | 151.36
zstd_9 | enwik8.2 | 31.053916 | 1.53 | 0.51 | 1654.02 | 219.74
zstd_10 | enwik8.2 | 30.618978 | 2.05 | 0.51 | 1801.46 | 151.36
zstd_11 | enwik8.2 | 30.409749 | 3.06 | 0.51 | 1801.46 | 219.74
zstd_12 | enwik8.2 | 30.336523 | 3.55 | 0.51 | 2021.46 | 219.74
zstd_13 | enwik8.2 | 29.953694 | 5.57 | 0.51 | 1982.02 | 219.74
zstd_14 | enwik8.2 | 29.780843 | 7.08 | 0.51 | 2174.02 | 155.74
zstd_15 | enwik8.2 | 29.461265 | 8.60 | 0.51 | 2366.02 | 151.36
zstd_16 | enwik8.2 | 28.386613 | 9.10 | 0.51 | 1983.75 | 219.74
zstd_17 | enwik8.2 | 27.611243 | 19.69 | 0.51 | 1787.87 | 151.36
zstd_18 | enwik8.2 | 27.235221 | 22.21 | 0.51 | 1791.55 | 223.74
zstd_19 | enwik8.2 | 26.829431 | 28.77 | 0.51 | 1983.55 | 223.74
zstd_20 | enwik8.2 | 25.750196 | 98.48 | 0.51 | 3482.93 | 247.74
zstd_21 | enwik8.2 | 25.127879 | 170.99 | 0.51 | 5849.68 | 279.74
zstd_22 | enwik8.2 | 24.637113 | 196.22 | 0.51 | 11546.68 | 343.74
lzmpo_0 | enwik8.2 | 27.736330 | 36.64 | 5.57 | 7812.33 | 738.51
lzmpo_1 | enwik8.2 | 25.914887 | 203.60 | 5.07 | 7812.33 | 654.72
lzmpo_2 | enwik8.2 | 25.629414 | 58.41 | 5.06 | 9338.21 | 642.55
lzmpo_3 | enwik8.2 | 24.839551 | 156.32 | 5.07 | 9338.21 | 612.74
lzmpo_4 | enwik8.2 | 24.526532 | 154.11 | 5.06 | 12952.41 | 602.76
lzmpo_5 | enwik8.2 | 24.478183 | 207.35 | 5.06 | 12952.41 | 600.28
lzmpo_6 | enwik8.2 | 24.462971 | 293.76 | 5.06 | 12952.41 | 599.69
brotli_q0 | enwik8.3 | 41.605602 | 1.52 | 1.01 | 6.88 | 29.75
brotli_q1 | enwik8.3 | 39.244897 | 1.52 | 1.01 | 7.88 | 29.75
brotli_q2 | enwik8.3 | 36.566748 | 2.53 | 1.02 | 38.93 | 29.75
brotli_q3 | enwik8.3 | 36.303028 | 2.53 | 1.02 | 38.64 | 29.75
brotli_q4 | enwik8.3 | 32.984522 | 5.56 | 1.02 | 118.32 | 22.69
brotli_q5 | enwik8.3 | 31.365722 | 8.60 | 1.01 | 99.86 | 22.84
brotli_q6 | enwik8.3 | 30.551753 | 13.15 | 1.02 | 100.68 | 22.86
brotli_q7 | enwik8.3 | 29.776922 | 24.27 | 1.02 | 103.84 | 22.85
brotli_q8 | enwik8.3 | 29.076848 | 41.45 | 1.02 | 110.96 | 22.85
brotli_q9 | enwik8.3 | 28.449209 | 77.88 | 1.02 | 128.61 | 22.85
brotli_q10 | enwik8.3 | 25.784382 | 267.96 | 1.02 | 241.11 | 22.55
brotli_q11 | enwik8.3 | 25.290932 | 479.80 | 1.01 | 235.93 | 22.43
xz_0 | enwik8.3 | 36.623023 | 1.54 | 0.51 | 1297.45 | 18.27
xz_1 | enwik8.3 | 33.106847 | 3.06 | 0.51 | 1448.57 | 21.66
xz_2 | enwik8.3 | 31.786287 | 7.18 | 0.51 | 1675.13 | 26.60
xz_3 | enwik8.3 | 30.986536 | 15.28 | 0.51 | 2137.12 | 36.44
xz_4 | enwik8.3 | 27.877311 | 15.29 | 0.51 | 2393.12 | 36.06
xz_5 | enwik8.3 | 26.467881 | 20.73 | 0.51 | 2564.98 | 55.11
xz_6 | enwik8.3 | 26.311083 | 21.75 | 0.51 | 2564.98 | 55.07
xz_7 | enwik8.3 | 25.580724 | 42.42 | 1.02 | 2126.82 | 512.16
xz_8 | enwik8.3 | 24.880808 | 84.35 | 1.02 | 1907.75 | 485.98
xz_9 | enwik8.3 | 24.306245 | 156.75 | 2.03 | 2266.72 | 508.32
zstd_1 | enwik8.3 | 40.263898 | 0.51 | 0.51 | 10.68 | 4.49
zstd_2 | enwik8.3 | 36.965560 | 0.51 | 0.51 | 151.36 | 151.36
zstd_3 | enwik8.3 | 35.037997 | 0.51 | 0.51 | 367.43 | 217.74
zstd_4 | enwik8.3 | 34.350729 | 1.03 | 0.51 | 1631.84 | 217.74
zstd_5 | enwik8.3 | 33.337027 | 1.03 | 0.51 | 1631.80 | 217.74
zstd_6 | enwik8.3 | 32.267183 | 1.03 | 0.51 | 1639.84 | 217.74
zstd_7 | enwik8.3 | 31.671190 | 1.52 | 0.51 | 1714.24 | 151.36
zstd_8 | enwik8.3 | 31.251565 | 1.55 | 0.51 | 1714.24 | 217.74
zstd_9 | enwik8.3 | 30.720183 | 2.05 | 0.51 | 2016.23 | 219.74
zstd_10 | enwik8.3 | 30.287348 | 3.09 | 0.51 | 2203.68 | 151.36
zstd_11 | enwik8.3 | 30.076268 | 5.14 | 0.51 | 2192.30 | 219.74
zstd_12 | enwik8.3 | 30.004659 | 5.13 | 0.51 | 2512.30 | 219.74
zstd_13 | enwik8.3 | 29.630569 | 8.66 | 0.51 | 2384.30 | 219.74
zstd_14 | enwik8.3 | 29.454404 | 10.19 | 0.51 | 2640.30 | 219.74
zstd_15 | enwik8.3 | 29.139715 | 13.77 | 0.51 | 2896.30 | 219.74
zstd_16 | enwik8.3 | 28.074655 | 15.31 | 0.51 | 2434.55 | 219.74
zstd_17 | enwik8.3 | 27.311796 | 21.72 | 0.51 | 2222.15 | 223.74
zstd_18 | enwik8.3 | 26.939174 | 23.74 | 0.51 | 2227.67 | 223.74
zstd_19 | enwik8.3 | 26.537648 | 30.31 | 0.51 | 2515.67 | 223.74
zstd_20 | enwik8.3 | 25.449474 | 111.71 | 0.52 | 3836.68 | 247.74
zstd_21 | enwik8.3 | 24.796650 | 224.95 | 0.51 | 6491.93 | 279.74
zstd_22 | enwik8.3 | 24.193596 | 286.57 | 0.51 | 11546.68 | 343.74
brotli_q0 | enwik8.4 | 41.257654 | 1.52 | 1.52 | 10.79 | 29.75
brotli_q1 | enwik8.4 | 38.916416 | 2.03 | 1.52 | 7.88 | 29.75
brotli_q2 | enwik8.4 | 36.254813 | 3.04 | 1.02 | 38.93 | 29.75
brotli_q3 | enwik8.4 | 35.987574 | 3.55 | 1.02 | 38.64 | 29.75
brotli_q4 | enwik8.4 | 32.710164 | 8.10 | 1.02 | 118.32 | 22.69
brotli_q5 | enwik8.4 | 31.088419 | 10.62 | 1.01 | 99.86 | 22.84
brotli_q6 | enwik8.4 | 30.284668 | 16.19 | 1.02 | 100.68 | 22.86
brotli_q7 | enwik8.4 | 29.518456 | 35.88 | 1.02 | 103.84 | 22.85
brotli_q8 | enwik8.4 | 28.824923 | 75.79 | 1.52 | 110.96 | 22.85
brotli_q9 | enwik8.4 | 28.201602 | 139.48 | 1.52 | 128.61 | 22.85
brotli_q10 | enwik8.4 | 25.554358 | 391.59 | 2.02 | 241.11 | 22.79
lzmpo_0 | enwik8.3 | 27.273680 | 59.56 | 8.09 | 11701.70 | 1046.31
lzmpo_1 | enwik8.3 | 25.386814 | 390.38 | 7.59 | 11054.73 | 917.33
lzmpo_2 | enwik8.3 | 25.064698 | 93.98 | 7.59 | 13343.55 | 896.80
lzmpo_3 | enwik8.3 | 24.212584 | 302.58 | 7.09 | 13343.55 | 849.04
lzmpo_4 | enwik8.3 | 23.831832 | 217.32 | 7.09 | 17921.20 | 830.90
lzmpo_5 | enwik8.3 | 23.780902 | 314.77 | 7.09 | 17921.20 | 827.12
lzmpo_6 | enwik8.3 | 23.764321 | 484.64 | 7.09 | 17921.20 | 826.14
brotli_q11 | enwik8.4 | 25.068637 | 667.77 | 1.53 | 235.93 | 22.53
xz_0 | enwik8.4 | 36.260673 | 2.04 | 0.51 | 1245.13 | 47.33
xz_1 | enwik8.4 | 32.800916 | 3.57 | 0.51 | 1451.58 | 34.69
xz_2 | enwik8.4 | 31.494564 | 8.18 | 0.51 | 1681.14 | 26.60
xz_3 | enwik8.4 | 30.703102 | 15.80 | 0.51 | 2197.14 | 36.44
xz_4 | enwik8.4 | 27.664034 | 16.36 | 0.51 | 2393.12 | 36.06
xz_5 | enwik8.4 | 26.275332 | 21.44 | 0.51 | 3417.09 | 55.11
xz_6 | enwik8.4 | 26.096109 | 21.96 | 0.51 | 3417.09 | 55.07
xz_7 | enwik8.4 | 25.377995 | 38.37 | 1.02 | 2832.87 | 679.18
xz_8 | enwik8.4 | 24.686300 | 75.81 | 1.02 | 2540.78 | 644.50
xz_9 | enwik8.4 | 24.011827 | 187.20 | 2.03 | 2266.72 | 625.75
zstd_1 | enwik8.4 | 39.913429 | 0.51 | 0.51 | 253.43 | 216.24
zstd_2 | enwik8.4 | 36.653011 | 0.51 | 0.51 | 291.43 | 216.74
zstd_3 | enwik8.4 | 34.753473 | 0.51 | 0.51 | 367.43 | 217.74
zstd_4 | enwik8.4 | 34.070394 | 1.02 | 0.51 | 1669.24 | 151.36
zstd_5 | enwik8.4 | 33.056894 | 1.03 | 0.51 | 1647.87 | 217.74
zstd_6 | enwik8.4 | 31.997016 | 1.03 | 0.51 | 1676.74 | 217.74
zstd_7 | enwik8.4 | 31.407759 | 1.53 | 0.51 | 1714.24 | 151.36
zstd_8 | enwik8.4 | 30.988180 | 2.04 | 0.51 | 1714.24 | 217.74
zstd_9 | enwik8.4 | 30.455713 | 2.04 | 0.51 | 2048.37 | 151.36
zstd_10 | enwik8.4 | 30.029717 | 3.58 | 0.51 | 2208.37 | 219.74
zstd_11 | enwik8.4 | 29.824264 | 5.12 | 0.51 | 2208.37 | 219.74
zstd_12 | enwik8.4 | 29.753478 | 5.63 | 0.51 | 2528.37 | 219.74
zstd_13 | enwik8.4 | 29.391238 | 9.67 | 0.51 | 2400.37 | 219.74
zstd_14 | enwik8.4 | 29.218745 | 11.70 | 0.51 | 2656.37 | 219.74
zstd_15 | enwik8.4 | 28.906810 | 15.26 | 0.51 | 2944.23 | 219.74
zstd_16 | enwik8.4 | 27.865110 | 15.78 | 0.51 | 2434.55 | 219.74
zstd_17 | enwik8.4 | 27.096912 | 24.25 | 0.51 | 2592.44 | 151.36
zstd_18 | enwik8.4 | 26.726862 | 26.77 | 0.51 | 2663.80 | 223.74
zstd_19 | enwik8.4 | 26.319889 | 34.36 | 0.51 | 3047.80 | 223.74
zstd_20 | enwik8.4 | 25.227538 | 108.22 | 1.02 | 3836.68 | 247.74
zstd_21 | enwik8.4 | 24.561739 | 230.74 | 1.02 | 6491.93 | 279.74
zstd_22 | enwik8.4 | 23.931701 | 411.58 | 1.02 | 11546.68 | 279.74
lzmpo_0 | enwik8.4 | 26.953721 | 71.77 | 10.13 | 14830.82 | 1347.31
lzmpo_1 | enwik8.4 | 25.051731 | 408.76 | 9.63 | 14755.98 | 1174.12
lzmpo_2 | enwik8.4 | 24.704312 | 118.27 | 9.63 | 17349.05 | 1144.47
lzmpo_3 | enwik8.4 | 23.821061 | 327.63 | 9.12 | 17349.05 | 1078.81
lzmpo_4 | enwik8.4 | 23.397650 | 313.28 | 9.12 | 24075.73 | 1052.05
lzmpo_5 | enwik8.4 | 23.343843 | 434.92 | 9.12 | 24075.73 | 1046.82
lzmpo_6 | enwik8.4 | 23.325397 | 710.60 | 9.12 | 24075.73 | 1045.35
brotli_q0 | enwik8.6 | 36.445380 | 2.54 | 2.03 | 6.88 | 29.75
brotli_q1 | enwik8.6 | 34.193527 | 2.54 | 1.53 | 7.88 | 29.75
brotli_q2 | enwik8.6 | 31.756623 | 4.06 | 1.52 | 39.12 | 29.75
brotli_q3 | enwik8.6 | 31.378367 | 4.56 | 1.52 | 39.21 | 29.75
brotli_q4 | enwik8.6 | 28.418919 | 8.11 | 1.52 | 118.32 | 22.70
brotli_q5 | enwik8.6 | 26.893673 | 11.65 | 1.52 | 99.86 | 22.97
brotli_q6 | enwik8.6 | 26.203006 | 17.73 | 1.53 | 100.68 | 22.86
brotli_q7 | enwik8.6 | 25.546722 | 36.96 | 1.53 | 103.84 | 22.85
brotli_q8 | enwik8.6 | 24.959443 | 79.01 | 2.03 | 110.96 | 22.85
brotli_q9 | enwik8.6 | 24.433219 | 160.54 | 2.03 | 128.61 | 22.85
brotli_q10 | enwik8.6 | 22.096866 | 536.63 | 2.03 | 241.11 | 22.79
brotli_q11 | enwik8.6 | 21.650825 | 965.50 | 2.03 | 247.03 | 22.53
xz_0 | enwik8.6 | 31.379789 | 2.05 | 0.51 | 1249.14 | 37.55
xz_1 | enwik8.6 | 28.362908 | 4.60 | 0.52 | 1451.58 | 34.69
xz_2 | enwik8.6 | 27.214230 | 10.21 | 0.51 | 1699.15 | 26.60
xz_3 | enwik8.6 | 26.528921 | 20.93 | 1.02 | 2197.14 | 643.11
xz_4 | enwik8.6 | 24.263303 | 20.94 | 1.02 | 2393.12 | 577.51
xz_5 | enwik8.6 | 22.982042 | 32.08 | 1.02 | 3609.12 | 888.00
xz_6 | enwik8.6 | 22.622329 | 33.60 | 1.02 | 3585.12 | 879.88
xz_7 | enwik8.6 | 22.045984 | 42.93 | 1.02 | 4244.98 | 995.44
xz_8 | enwik8.6 | 21.479509 | 79.80 | 1.52 | 3806.84 | 943.99
xz_9 | enwik8.6 | 20.942086 | 173.97 | 2.03 | 3395.76 | 916.73
zstd_1 | enwik8.6 | 34.573858 | 0.51 | 0.51 | 253.43 | 216.24
zstd_2 | enwik8.6 | 31.874167 | 0.51 | 0.51 | 291.43 | 216.74
zstd_3 | enwik8.6 | 30.276398 | 1.02 | 0.51 | 1650.49 | 217.74
zstd_4 | enwik8.6 | 29.723074 | 1.53 | 1.02 | 1669.24 | 217.74
zstd_5 | enwik8.6 | 28.717860 | 1.53 | 1.02 | 1676.74 | 217.74
zstd_6 | enwik8.6 | 27.768200 | 1.53 | 1.02 | 1639.84 | 217.74
zstd_7 | enwik8.6 | 27.258638 | 2.03 | 1.02 | 1714.24 | 217.74
zstd_8 | enwik8.6 | 26.854560 | 2.55 | 1.02 | 1714.24 | 217.74
zstd_9 | enwik8.6 | 26.398399 | 3.08 | 1.02 | 2053.68 | 219.74
zstd_10 | enwik8.6 | 26.033502 | 4.61 | 1.02 | 2208.37 | 219.74
zstd_11 | enwik8.6 | 25.851590 | 7.16 | 1.02 | 2208.37 | 219.74
zstd_12 | enwik8.6 | 25.794897 | 7.68 | 1.02 | 2528.37 | 219.74
zstd_13 | enwik8.6 | 25.499380 | 12.22 | 1.02 | 2400.37 | 219.74
zstd_14 | enwik8.6 | 25.345134 | 15.28 | 1.02 | 2656.37 | 219.74
zstd_15 | enwik8.6 | 25.070286 | 19.87 | 1.02 | 2912.37 | 219.74
zstd_16 | enwik8.6 | 24.231772 | 20.90 | 1.02 | 2434.55 | 219.74
zstd_17 | enwik8.6 | 23.533766 | 29.06 | 1.02 | 3235.74 | 223.74
zstd_18 | enwik8.6 | 23.230760 | 33.18 | 1.02 | 3245.55 | 223.74
zstd_19 | enwik8.6 | 22.810635 | 52.55 | 1.02 | 3725.43 | 223.74
zstd_20 | enwik8.6 | 21.892447 | 114.20 | 1.02 | 4544.18 | 183.74
zstd_21 | enwik8.6 | 21.316278 | 254.98 | 1.02 | 7134.18 | 279.74
zstd_22 | enwik8.6 | 20.755777 | 525.90 | 1.02 | 12893.94 | 343.74
lzmpo_0 | enwik8.6 | 23.320527 | 101.72 | 13.68 | 20944.37 | 1714.99
lzmpo_1 | enwik8.6 | 21.646027 | 633.04 | 12.66 | 20782.26 | 1488.72
lzmpo_2 | enwik8.6 | 21.394873 | 167.16 | 12.66 | 25359.90 | 1455.31
lzmpo_3 | enwik8.6 | 20.567766 | 487.57 | 12.15 | 25359.90 | 1364.98
lzmpo_4 | enwik8.6 | 20.213766 | 459.35 | 12.16 | 34515.18 | 1332.13
lzmpo_5 | enwik8.6 | 20.110905 | 640.48 | 12.16 | 34515.18 | 1320.89
lzmpo_6 | enwik8.6 | 20.063918 | 1456.69 | 12.15 | 34515.18 | 1317.63
brotli_q0 | enwik8.9 | 37.248390 | 3.55 | 2.54 | 6.88 | 29.75
brotli_q1 | enwik8.9 | 34.995971 | 3.55 | 2.54 | 7.88 | 29.75
brotli_q2 | enwik8.9 | 32.519028 | 6.08 | 2.54 | 39.12 | 29.75
brotli_q3 | enwik8.9 | 32.171293 | 7.10 | 2.03 | 39.21 | 29.75
brotli_q4 | enwik8.9 | 29.152803 | 13.17 | 2.03 | 118.32 | 22.70
brotli_q5 | enwik8.9 | 27.625644 | 18.24 | 2.54 | 99.86 | 22.97
brotli_q6 | enwik8.9 | 26.913095 | 27.37 | 2.03 | 100.81 | 22.99
brotli_q7 | enwik8.9 | 26.229142 | 60.28 | 2.03 | 103.84 | 22.85
brotli_q8 | enwik8.9 | 25.612968 | 119.52 | 2.54 | 110.96 | 22.85
brotli_q9 | enwik8.9 | 25.064250 | 248.68 | 2.54 | 128.61 | 22.85
brotli_q10 | enwik8.9 | 22.678264 | 814.61 | 3.04 | 241.11 | 22.79
brotli_q11 | enwik8.9 | 22.231410 | 1454.64 | 2.54 | 247.03 | 22.53
xz_0 | enwik8.9 | 32.192179 | 3.07 | 1.02 | 1295.45 | 180.02
xz_1 | enwik8.9 | 29.123156 | 6.65 | 1.02 | 1448.57 | 267.02
xz_2 | enwik8.9 | 27.945291 | 15.32 | 1.02 | 1705.15 | 395.89
xz_3 | enwik8.9 | 27.236405 | 31.64 | 1.02 | 2197.14 | 648.59
xz_4 | enwik8.9 | 24.866583 | 31.64 | 1.02 | 2477.15 | 647.80
xz_5 | enwik8.9 | 23.572356 | 43.86 | 1.02 | 3729.14 | 1071.60
xz_6 | enwik8.9 | 23.228916 | 46.94 | 1.02 | 3705.14 | 1069.52
xz_7 | enwik8.9 | 22.627157 | 62.60 | 1.02 | 5753.10 | 1433.52
xz_8 | enwik8.9 | 22.030942 | 89.37 | 1.52 | 5705.93 | 1416.45
xz_9 | enwik8.9 | 21.503284 | 174.87 | 2.53 | 5653.83 | 1411.74
zstd_1 | enwik8.9 | 35.517634 | 0.51 | 1.02 | 1.51 | 216.24
zstd_2 | enwik8.9 | 32.711140 | 0.51 | 1.02 | 151.36 | 216.74
zstd_3 | enwik8.9 | 31.069858 | 1.02 | 1.02 | 1611.84 | 217.74
zstd_4 | enwik8.9 | 30.481909 | 2.04 | 1.02 | 1669.24 | 217.74
zstd_5 | enwik8.9 | 29.476232 | 2.05 | 1.02 | 1676.74 | 217.74
zstd_6 | enwik8.9 | 28.508571 | 2.04 | 1.02 | 1676.74 | 217.74
zstd_7 | enwik8.9 | 27.982780 | 3.07 | 1.02 | 1679.84 | 217.74
zstd_8 | enwik8.9 | 27.576709 | 3.58 | 1.04 | 1679.84 | 217.74
zstd_9 | enwik8.9 | 27.095852 | 4.10 | 1.02 | 2048.37 | 219.74
zstd_10 | enwik8.9 | 26.720537 | 6.68 | 1.02 | 2208.37 | 219.74
zstd_11 | enwik8.9 | 26.536407 | 10.25 | 1.02 | 2224.43 | 219.74
zstd_12 | enwik8.9 | 26.476935 | 11.28 | 1.02 | 2528.37 | 219.74
zstd_13 | enwik8.9 | 26.179582 | 17.85 | 1.02 | 2400.37 | 219.74
zstd_14 | enwik8.9 | 26.024144 | 21.90 | 1.02 | 2656.37 | 219.74
zstd_15 | enwik8.9 | 25.743855 | 28.54 | 1.02 | 2912.37 | 219.74
zstd_16 | enwik8.9 | 24.883939 | 30.62 | 1.02 | 2434.55 | 219.74
zstd_17 | enwik8.9 | 24.160900 | 47.83 | 1.02 | 3267.87 | 223.74
zstd_18 | enwik8.9 | 23.844117 | 52.35 | 1.02 | 3277.68 | 223.74
zstd_19 | enwik8.9 | 23.422085 | 70.28 | 1.02 | 3757.55 | 223.74
zstd_20 | enwik8.9 | 22.452658 | 124.18 | 1.53 | 5187.68 | 247.74
zstd_21 | enwik8.9 | 21.851421 | 236.12 | 1.53 | 7776.43 | 279.74
zstd_22 | enwik8.9 | 21.285768 | 539.47 | 1.52 | 12893.94 | 343.74
lzmpo_0 | enwik8.9 | 23.815574 | 157.89 | 20.25 | 31079.25 | 2569.66
lzmpo_1 | enwik8.9 | 22.044460 | 1086.72 | 18.74 | 30876.36 | 2211.19
lzmpo_2 | enwik8.9 | 21.730600 | 282.94 | 19.25 | 37376.12 | 2149.12
lzmpo_3 | enwik8.9 | 20.837708 | 918.26 | 18.73 | 37376.12 | 2002.95
lzmpo_4 | enwik8.9 | 20.387339 | 1434.27 | 18.23 | 51109.05 | 1940.23
lzmpo_5 | enwik8.9 | 20.293523 | 1869.21 | 18.23 | 51109.05 | 1924.09
lzmpo_6 | enwik8.9 | 20.252024 | 2986.81 | 18.24 | 51109.05 | 1919.19
brotli_q0 | enwik8.7 | 36.913864 | 2.54 | 2.04 | 6.88 | 29.75
brotli_q1 | enwik8.7 | 34.657319 | 2.54 | 2.03 | 7.88 | 29.75
brotli_q2 | enwik8.7 | 32.202699 | 4.56 | 2.03 | 39.12 | 29.75
brotli_q3 | enwik8.7 | 31.838851 | 5.58 | 2.04 | 39.21 | 29.75
brotli_q4 | enwik8.7 | 28.844843 | 10.64 | 2.03 | 118.32 | 22.70
brotli_q5 | enwik8.7 | 27.315250 | 14.18 | 2.03 | 99.86 | 22.97
brotli_q6 | enwik8.7 | 26.613478 | 21.27 | 2.03 | 100.68 | 22.99
brotli_q7 | enwik8.7 | 25.944380 | 46.09 | 2.03 | 103.84 | 22.85
brotli_q8 | enwik8.7 | 25.342872 | 92.16 | 2.03 | 110.96 | 22.85
brotli_q9 | enwik8.7 | 24.804806 | 190.96 | 2.03 | 128.61 | 22.85
brotli_q10 | enwik8.7 | 22.438419 | 624.29 | 2.54 | 241.11 | 22.79
brotli_q11 | enwik8.7 | 21.990026 | 1128.72 | 2.54 | 247.03 | 22.53
xz_0 | enwik8.7 | 31.859345 | 2.56 | 1.02 | 1297.45 | 180.28
xz_1 | enwik8.7 | 28.806278 | 5.12 | 1.02 | 1451.58 | 267.45
xz_2 | enwik8.7 | 27.642271 | 12.28 | 1.02 | 1705.15 | 394.03
xz_3 | enwik8.7 | 26.944973 | 24.48 | 1.02 | 2161.13 | 631.11
xz_4 | enwik8.7 | 24.610391 | 25.01 | 1.02 | 2477.15 | 634.22
xz_5 | enwik8.7 | 23.322959 | 35.64 | 1.02 | 3657.13 | 958.50
xz_6 | enwik8.7 | 22.975096 | 37.66 | 1.02 | 3681.13 | 956.41
xz_7 | enwik8.7 | 22.383787 | 46.50 | 1.02 | 4951.04 | 1162.24
xz_8 | enwik8.7 | 21.804735 | 82.30 | 1.52 | 4439.87 | 1102.03
xz_9 | enwik8.7 | 21.303743 | 175.47 | 2.03 | 4524.79 | 1106.64
zstd_1 | enwik8.7 | 35.110830 | 0.51 | 0.51 | 10.79 | 151.36
zstd_2 | enwik8.7 | 32.350736 | 0.51 | 1.02 | 151.36 | 216.74
zstd_3 | enwik8.7 | 30.728282 | 1.02 | 1.02 | 1650.49 | 217.74
zstd_4 | enwik8.7 | 30.157607 | 1.53 | 1.02 | 1669.24 | 217.74
zstd_5 | enwik8.7 | 29.152574 | 1.53 | 1.02 | 1676.74 | 217.74
zstd_6 | enwik8.7 | 28.193050 | 2.04 | 1.02 | 1676.74 | 217.74
zstd_7 | enwik8.7 | 27.674461 | 2.55 | 1.02 | 1679.84 | 217.74
zstd_8 | enwik8.7 | 27.268971 | 2.56 | 1.02 | 1679.84 | 217.74
zstd_9 | enwik8.7 | 26.801585 | 3.59 | 1.02 | 2048.37 | 219.74
zstd_10 | enwik8.7 | 26.430105 | 5.12 | 1.02 | 2208.37 | 219.74
zstd_11 | enwik8.7 | 26.246230 | 8.19 | 1.02 | 2208.37 | 219.74
zstd_12 | enwik8.7 | 26.187908 | 8.69 | 1.02 | 2544.43 | 219.74
zstd_13 | enwik8.7 | 25.889227 | 14.75 | 1.02 | 2400.37 | 219.74
zstd_14 | enwik8.7 | 25.733623 | 17.81 | 1.02 | 2656.37 | 219.74
zstd_15 | enwik8.7 | 25.455051 | 22.40 | 1.02 | 2927.68 | 219.74
zstd_16 | enwik8.7 | 24.601282 | 23.92 | 1.02 | 2402.68 | 219.74
zstd_17 | enwik8.7 | 23.892968 | 41.71 | 1.02 | 3267.87 | 223.74
zstd_18 | enwik8.7 | 23.582077 | 47.84 | 1.02 | 3277.68 | 223.74
zstd_19 | enwik8.7 | 23.160326 | 60.13 | 1.02 | 3757.55 | 223.74
zstd_20 | enwik8.7 | 22.222028 | 119.22 | 1.02 | 4897.93 | 247.74
zstd_21 | enwik8.7 | 21.645736 | 241.78 | 1.02 | 7134.18 | 279.74
zstd_22 | enwik8.7 | 21.111104 | 532.51 | 1.02 | 12893.94 | 343.74
lzmpo_0 | enwik8.7 | 23.647196 | 122.07 | 15.69 | 24886.06 | 2008.36
lzmpo_1 | enwik8.7 | 21.926397 | 781.29 | 14.69 | 24024.69 | 1736.92
lzmpo_2 | enwik8.7 | 21.647280 | 204.19 | 14.69 | 29365.27 | 1693.68
lzmpo_3 | enwik8.7 | 20.791187 | 645.45 | 14.18 | 29365.27 | 1584.47
lzmpo_4 | enwik8.7 | 20.396428 | 574.55 | 14.18 | 40046.42 | 1541.66
lzmpo_5 | enwik8.7 | 20.298013 | 821.08 | 14.18 | 40046.42 | 1528.82
lzmpo_6 | enwik8.7 | 20.253637 | 1761.60 | 14.18 | 40046.42 | 1525.04
brotli_q0 | enwik8.8 | 37.233455 | 3.05 | 2.54 | 6.88 | 29.75
brotli_q1 | enwik8.8 | 34.978358 | 3.04 | 2.03 | 7.88 | 29.75
brotli_q2 | enwik8.8 | 32.504229 | 5.57 | 2.03 | 39.12 | 29.75
brotli_q3 | enwik8.8 | 32.153104 | 6.08 | 2.03 | 39.21 | 29.75
brotli_q4 | enwik8.8 | 29.129193 | 12.16 | 2.03 | 118.32 | 22.70
brotli_q5 | enwik8.8 | 27.600778 | 16.72 | 2.03 | 99.86 | 22.97
brotli_q6 | enwik8.8 | 26.888704 | 24.31 | 2.03 | 100.68 | 22.99
brotli_q7 | enwik8.8 | 26.206915 | 51.66 | 2.03 | 103.84 | 22.85
brotli_q8 | enwik8.8 | 25.592100 | 110.41 | 2.03 | 110.96 | 22.85
brotli_q9 | enwik8.8 | 25.043531 | 215.24 | 2.54 | 128.61 | 22.85
brotli_q10 | enwik8.8 | 22.655079 | 717.93 | 2.54 | 241.11 | 22.79
brotli_q11 | enwik8.8 | 22.206646 | 1292.18 | 2.54 | 247.03 | 22.53
xz_0 | enwik8.8 | 32.179663 | 3.07 | 1.02 | 1251.15 | 180.18
xz_1 | enwik8.8 | 29.104283 | 5.63 | 1.02 | 1448.57 | 266.49
xz_2 | enwik8.8 | 27.926263 | 13.79 | 1.02 | 1705.15 | 395.90
xz_3 | enwik8.8 | 27.217143 | 28.09 | 1.02 | 2209.14 | 648.48
xz_4 | enwik8.8 | 24.842596 | 28.13 | 1.02 | 2477.15 | 639.07
xz_5 | enwik8.8 | 23.547302 | 38.73 | 1.02 | 3753.14 | 1017.49
xz_6 | enwik8.8 | 23.205835 | 40.29 | 1.02 | 3777.15 | 1033.23
xz_7 | enwik8.8 | 22.601191 | 49.34 | 1.02 | 5657.09 | 1328.64
xz_8 | enwik8.8 | 22.008764 | 87.37 | 1.52 | 5072.90 | 1259.76
xz_9 | enwik8.8 | 21.449696 | 173.41 | 2.03 | 4524.79 | 1223.45
zstd_1 | enwik8.8 | 35.485718 | 0.51 | 1.02 | 1.22 | 216.24
zstd_2 | enwik8.8 | 32.682179 | 0.51 | 1.02 | 291.43 | 216.74
zstd_3 | enwik8.8 | 31.040274 | 1.02 | 1.02 | 1619.87 | 217.74
zstd_4 | enwik8.8 | 30.455053 | 1.53 | 1.02 | 1631.84 | 217.74
zstd_5 | enwik8.8 | 29.450183 | 2.04 | 1.02 | 1676.74 | 217.74
zstd_6 | enwik8.8 | 28.482394 | 2.04 | 1.02 | 1647.87 | 217.74
zstd_7 | enwik8.8 | 27.956808 | 2.56 | 1.02 | 1679.84 | 217.74
zstd_8 | enwik8.8 | 27.549581 | 3.07 | 1.02 | 1714.24 | 217.74
zstd_9 | enwik8.8 | 27.070821 | 3.58 | 1.02 | 2048.37 | 219.74
zstd_10 | enwik8.8 | 26.694784 | 5.64 | 1.02 | 2208.37 | 219.74
zstd_11 | enwik8.8 | 26.509540 | 9.22 | 1.02 | 2208.37 | 219.74
zstd_12 | enwik8.8 | 26.450085 | 9.72 | 1.02 | 2528.37 | 219.74
zstd_13 | enwik8.8 | 26.150760 | 15.25 | 1.02 | 2400.37 | 219.74
zstd_14 | enwik8.8 | 25.994387 | 18.81 | 1.02 | 2656.37 | 219.74
zstd_15 | enwik8.8 | 25.712848 | 23.94 | 1.02 | 2912.37 | 219.74
zstd_16 | enwik8.8 | 24.851004 | 25.98 | 1.02 | 2434.55 | 219.74
zstd_17 | enwik8.8 | 24.130306 | 44.79 | 1.02 | 3267.87 | 159.74
zstd_18 | enwik8.8 | 23.814689 | 49.82 | 1.02 | 3277.68 | 223.74
zstd_19 | enwik8.8 | 23.392244 | 65.66 | 1.02 | 3757.55 | 223.74
zstd_20 | enwik8.8 | 22.428371 | 121.22 | 1.52 | 4833.93 | 247.74
zstd_21 | enwik8.8 | 21.835536 | 232.60 | 1.53 | 7134.18 | 279.74
zstd_22 | enwik8.8 | 21.282255 | 531.97 | 1.52 | 12893.94 | 343.74
lzmpo_0 | enwik8.8 | 23.832382 | 139.88 | 18.23 | 28057.82 | 2296.64
lzmpo_1 | enwik8.8 | 22.076007 | 932.16 | 17.22 | 27825.18 | 1980.41
lzmpo_2 | enwik8.8 | 21.775555 | 245.54 | 17.22 | 33370.76 | 1927.50
lzmpo_3 | enwik8.8 | 20.896848 | 774.70 | 16.71 | 33370.76 | 1799.50
lzmpo_4 | enwik8.8 | 20.469303 | 940.25 | 16.71 | 45577.79 | 1746.51
lzmpo_5 | enwik8.8 | 20.374529 | 1370.59 | 16.20 | 45577.79 | 1732.15
lzmpo_6 | enwik8.8 | 20.332277 | 2501.64 | 16.20 | 45577.79 | 1727.83
brotli_q0 | enwik8.5 | 39.222918 | 2.03 | 1.52 | 6.88 | 29.75
brotli_q1 | enwik8.5 | 36.917114 | 2.03 | 1.53 | 7.88 | 29.75
brotli_q2 | enwik8.5 | 34.338771 | 3.55 | 1.52 | 38.93 | 29.75
brotli_q3 | enwik8.5 | 34.030272 | 4.05 | 1.52 | 38.64 | 29.75
brotli_q4 | enwik8.5 | 30.897213 | 9.62 | 1.53 | 118.32 | 22.70
brotli_q5 | enwik8.5 | 29.311019 | 12.15 | 1.52 | 99.86 | 22.84
brotli_q6 | enwik8.5 | 28.558348 | 18.73 | 1.52 | 100.68 | 22.86
brotli_q7 | enwik8.5 | 27.840712 | 41.49 | 1.53 | 103.84 | 22.85
brotli_q8 | enwik8.5 | 27.192729 | 92.97 | 1.52 | 110.96 | 22.85
brotli_q9 | enwik8.5 | 26.609797 | 156.23 | 1.52 | 128.61 | 22.85
brotli_q10 | enwik8.5 | 24.087362 | 393.89 | 1.52 | 241.11 | 22.79
brotli_q11 | enwik8.5 | 23.617032 | 806.26 | 2.03 | 247.03 | 22.53
xz_0 | enwik8.5 | 34.176664 | 2.05 | 0.51 | 1297.45 | 18.27
xz_1 | enwik8.5 | 30.913079 | 4.60 | 0.51 | 1448.57 | 21.66
xz_2 | enwik8.5 | 29.676960 | 10.73 | 0.51 | 1687.14 | 26.60
xz_3 | enwik8.5 | 28.932150 | 23.48 | 1.02 | 2209.14 | 36.44
xz_4 | enwik8.5 | 26.231094 | 23.47 | 1.02 | 2417.13 | 36.06
xz_5 | enwik8.5 | 24.894410 | 36.21 | 1.02 | 3513.11 | 832.60
xz_6 | enwik8.5 | 24.632834 | 39.28 | 1.02 | 3513.11 | 810.20
xz_7 | enwik8.5 | 23.980536 | 50.07 | 1.02 | 3538.93 | 840.24
xz_8 | enwik8.5 | 23.340070 | 85.36 | 1.53 | 3173.81 | 797.00
xz_9 | enwik8.5 | 22.759720 | 186.17 | 2.03 | 3395.76 | 810.06
zstd_1 | enwik8.5 | 37.651132 | 0.51 | 0.51 | 10.68 | 151.36
zstd_2 | enwik8.5 | 34.624414 | 0.51 | 0.51 | 291.43 | 216.74
zstd_3 | enwik8.5 | 32.855078 | 1.02 | 0.51 | 1611.84 | 217.74
zstd_4 | enwik8.5 | 32.227779 | 1.02 | 0.51 | 1639.87 | 217.74
zstd_5 | enwik8.5 | 31.217742 | 1.53 | 0.51 | 1639.84 | 217.74
zstd_6 | enwik8.5 | 30.206284 | 1.54 | 0.51 | 1647.87 | 217.74
zstd_7 | enwik8.5 | 29.654066 | 2.05 | 0.51 | 1714.24 | 217.74
zstd_8 | enwik8.5 | 29.240673 | 2.06 | 0.51 | 1679.84 | 217.74
zstd_9 | enwik8.5 | 28.740135 | 2.56 | 0.51 | 2048.37 | 151.36
zstd_10 | enwik8.5 | 28.343088 | 4.09 | 0.51 | 2208.37 | 219.74
zstd_11 | enwik8.5 | 28.149625 | 6.13 | 0.51 | 2224.43 | 219.74
zstd_12 | enwik8.5 | 28.085530 | 6.66 | 0.51 | 2544.43 | 219.74
zstd_13 | enwik8.5 | 27.755302 | 10.69 | 0.51 | 2400.37 | 219.74
zstd_14 | enwik8.5 | 27.592718 | 13.22 | 0.51 | 2656.37 | 219.74
zstd_15 | enwik8.5 | 27.297416 | 16.29 | 0.51 | 2912.37 | 151.36
zstd_16 | enwik8.5 | 26.338760 | 17.29 | 0.51 | 2434.55 | 219.74
zstd_17 | enwik8.5 | 25.597695 | 25.30 | 1.02 | 3026.72 | 151.36
zstd_18 | enwik8.5 | 25.256656 | 30.37 | 1.02 | 3035.92 | 223.74
zstd_19 | enwik8.5 | 24.842240 | 38.02 | 1.02 | 3579.92 | 223.74
zstd_20 | enwik8.5 | 23.819299 | 114.27 | 1.02 | 4190.43 | 247.74
zstd_21 | enwik8.5 | 23.184570 | 239.87 | 1.02 | 6491.93 | 279.74
zstd_22 | enwik8.5 | 22.576458 | 501.68 | 1.02 | 11546.68 | 343.74
lzmpo_0 | enwik8.5 | 25.400616 | 86.95 | 12.16 | 17735.29 | 1569.27
lzmpo_1 | enwik8.5 | 23.596633 | 522.32 | 11.15 | 17646.92 | 1364.77
lzmpo_2 | enwik8.5 | 23.281588 | 143.73 | 11.14 | 21354.41 | 1330.81
lzmpo_3 | enwik8.5 | 22.419698 | 413.20 | 11.15 | 21354.41 | 1251.44
lzmpo_4 | enwik8.5 | 22.015279 | 391.14 | 11.15 | 28983.82 | 1219.54
lzmpo_5 | enwik8.5 | 21.944304 | 539.60 | 10.64 | 28983.82 | 1212.14
lzmpo_6 | enwik8.5 | 21.915552 | 1082.79 | 10.63 | 28983.82 | 1209.98
